0,362
0,361
0,360
0,359
0,357
0,356
0,355
0,354
0,353
0,352
0,351
0,350
0,349
0,348
0,347
0,346
0,345
0,344
0,342
0,341
0,340
0,338
0,337
0,336
0,335
0,333
0,332
0,331
0,330
0,329
0,327
0,326
0,325
25,3
25,2
25,1
25,0
24,6
24,5
24,4
24,3
24,2
24,1
24,0
22,3
22,2
22,1
22,0
21,3
21,2
21,1
21,0
20,7
20,6
20,5
20,4
20,3
20,2
20,1
20,0
19,5
19,4
19,3
19,2
19,1
19,0
18,3
18,2
18,1
18,0
17,3
17,2
17,1
17,0
14,4
14,3
14,2
14,1
14,0
13,3
13,2
13,1
13,0
12,4
12,3
12,2
12,1
12,0
11,3
2,28
2,27
2,26
2,25
2,24
2,23
2,22
2,21
2,20
2,19
2,18
2,17
2,16
2,15
2,14
2,13
2,12
2,11
2,10
2,9
2,8
2,6
2,5
2,2
2,1
2,0
1,5
1,4
1,2
1,1
1,0
0,501
0,457
0,456
0,455
0,454
0,452
0,451
0,448
0,447
0,444
0,441
0,440
0,410
0,403
0,1
0,310
0,305
0,458
0,453
0,445
0,443
0,450
0,308
0,304
0,303
0,302
0,307
0,446
0,12
0,402
0,10
0,449
0,8
0,372
0,300
0,339
0,299
0,298
0,380
0,297
0,486
0,296
0,378
0,295
0,392
0,294
0,385
0,293
0,292
0,481
0,291
0,290
0,409
0,289
0,497
0,288
0,287
0,508
0,286
0,377
0,285
0,472
0,284
0,399
0,283
0,432
0,282
0,507
0,281
0,280
0,279
0,278
0,387
0,277
0,276
0,433
0,275
0,485
0,274
26,0
26,1
26,3
29,0
29,2
29,3
30,0
30,2
30,3
31,1
31,2
31,4
32,1
32,2
32,4
33,0
33,2
33,3
34,1
34,3
34,4
36,1
36,2
36,4
36,6
36,7
39,1
39,2
40,0
40,1
40,3
40,5
40,6
41,1
41,2
42,0
42,2
42,3
43,1
43,2
44,0
44,1
44,3
45,1
45,2
46,0
46,1
46,3
4,3
47,0
47,1
47,2
47,3
47,5
48,0
48,2
48,3
49,1
49,2
50,0
50,2
50,3
51,1
51,2
51,4
52,1
52,2
52,4
54,0
54,2
54,3
55,1
55,3
55,4
55,6
55,7
55,9
56,1
56,2
57,0
57,1
57,3
57,4
58,0
58,2
58,3
59,1
59,2
59,4
60,0
60,1
60,3
61,0
61,2
64,0
64,1
64,3
65,0
65,2
65,3
66,1
66,3
68,0
68,2
68,3
71,1
71,3
74,0
74,2
74,3
77,1
77,2
83,0
83,2
83,3
83,5
83,6
83,8
84,0
84,1
84,3
84,4
84,6
84,7
84,9
85,1
85,2
85,4
86,0
86,2
87,0
87,1
87,3
89,0
89,2
89,3
90,1
90,3
91,0
91,2
91,3
92,1
92,3
95,0
95,2
95,3
96,0
96,2
96,3
97,1
97,2
98,0
98,1
98,3
99,1
99,2
99,4
99,5
100,0
100,2
100,3
101,1
101,2
102,0
102,1
102,3
102,5
102,6
103,0
103,1
103,3
103,5
103,6
104,1
104,2
104,4
104,5
104,7
105,0
105,1
105,3
106,0
106,2
106,4
106,5
107,0
107,1
107,3
107,5
107,6
108,0
108,1
108,3
108,4
109,0
109,2
109,3
109,5
109,6
110,1
110,3
110,4
110,6
111,0
111,2
111,3
111,5
112,1
112,2
112,4
112,5
112,7
113,1
113,2
113,4
114,0
114,2
114,3
114,5
115,0
115,1
115,3
115,4
115,6
116,1
116,2
116,4
117,0
117,2
117,3
117,5
118,0
118,1
118,3
119,0
119,2
119,4
119,5
119,7
120,0
120,2
120,4
121,0
121,2
121,3
122,0
122,1
122,3
123,0
123,1
123,3
123,4
124,1
124,3
125,0
125,2
125,3
126,1
126,2
127,0
127,2
127,3
128,1
128,2
130,0
130,2
130,3
131,1
131,2
131,4
131,5
132,0
132,2
132,3
133,0
133,1
133,3
133,5
134,0
134,2
134,3
134,5
135,0
135,1
135,3
135,4
136,1
136,2
136,4
136,6
138,0
138,2
138,3
138,5
139,1
139,2
139,4
140,0
140,2
140,3
140,5
141,0
141,1
141,3
141,4
141,6
142,1
142,2
142,4
142,5
143,1
143,2
143,4
143,6
144,0
144,2
144,3
144,5
145,0
145,1
145,3
145,4
146,1
146,3
146,4
147,0
147,1
147,3
147,4
148,1
148,3
148,4
149,1
149,2
149,4
150,1
150,2
150,4
151,0
151,2
151,3
152,0
152,2
152,3
153,0
153,1
153,3
153,5
153,6
155,1
155,2
155,4
156,0
156,2
156,4
157,0
157,2
157,3
158,0
158,2
158,3
158,5
158,6
159,1
159,2
159,4
160,1
160,2
160,4
161,0
161,2
161,4
162,0
162,2
162,3
162,5
163,1
163,2
163,4
163,5
164,0
164,1
164,3
164,5
164,6
165,1
165,2
165,4
166,0
166,1
166,3
166,4
166,6
167,0
167,2
167,4
168,0
168,2
168,3
168,5
169,1
169,2
169,4
170,0
170,2
170,3
170,5
170,7
171,0
171,2
171,3
171,5
171,7
171,8
172,1
172,2
172,4
172,6
172,7
173,0
173,1
173,3
173,4
174,0
174,2
174,3
174,5
175,0
175,2
175,4
175,5
176,1
176,2
176,4
176,5
177,1
177,3
177,4
178,1
178,2
178,4
179,0
179,1
179,3
179,4
180,1
180,2
180,4
182,1
182,2
182,4
182,5
183,1
183,3
183,4
184,0
184,1
184,3
184,4
185,0
185,2
185,3
187,0
187,1
187,3
187,5
187,6
188,1
188,2
188,4
188,6
188,7
189,1
189,2
189,4
189,5
190,1
190,3
190,4
191,0
191,1
191,3
191,5
191,6
192,0
192,1
192,3
192,4
193,1
193,3
193,4
194,1
194,2
194,4
195,1
195,2
195,4
196,0
196,2
196,3
197,0
197,2
197,3
198,0
198,1
198,3
198,5
199,0
199,2
199,3
199,5
200,1
200,2
201,0
201,1
201,3
201,4
202,0
202,2
202,3
203,0
203,1
203,3
204,0
204,1
204,3
204,4
205,0
205,1
205,3
205,5
205,6
206,1
206,2
206,4
207,1
207,2
207,4
208,0
208,2
208,3
208,5
209,1
209,2
209,4
209,5
210,1
210,3
210,4
212,0
212,1
212,3
212,4
213,1
213,3
213,4
213,6
214,0
214,2
214,4
214,5
215,0
215,1
215,3
215,5
215,6
216,1
216,2
216,4
216,5
217,1
217,3
217,4
218,1
218,2
218,4
219,1
219,2
219,4
220,0
220,2
220,3
221,0
221,2
221,3
222,0
222,1
222,3
222,5
224,0
224,2
224,3
224,5
225,0
225,2
225,4
225,5
226,1
226,2
226,4
227,1
227,2
227,4
227,5
228,1
228,3
228,4
229,1
229,2
229,4
229,5
229,7
230,0
230,1
230,3
230,4
231,0
231,2
231,3
232,0
232,1
232,3
232,4
232,6
238,1
238,2
239,0
239,1
239,3
240,1
240,2
243,0
243,1
243,3
245,0
245,2
245,4
245,5
247,1
247,2
247,4
247,6
248,0
248,2
248,3
248,5
250,1
250,2
250,4
250,5
251,1
251,2
251,4
251,6
251,7
253,1
253,2
253,4
255,0
255,1
255,3
255,4
256,0
256,1
256,3
258,0
258,1
258,3
258,4
259,0
259,2
259,3
259,5
260,0
260,2
260,3
260,5
261,1
261,2
261,4
262,0
262,2
262,4
264,0
264,2
264,3
264,5
265,0
265,2
265,4
266,0
266,2
266,3
268,0
268,2
268,3
268,5
270,0
270,2
270,4
270,5
272,1
272,2
272,4
272,5
273,1
273,3
273,4
275,1
275,2
275,4
275,6
275,7
276,1
276,2
276,4
278,0
278,2
278,4
278,5
281,1
281,2
281,4
281,6
283,0
283,2
283,3
283,5
283,6
284,1
284,3
284,4
289,1
289,2
289,4
289,6
289,7
289,9
289,10
291,0
291,2
291,3
291,5
291,6
293,1
293,2
293,4
295,0
295,1
295,3
295,4
296,0
296,2
296,3
296,5
296,6
301,1
301,2
301,4
301,6
301,7
301,9
303,0
303,2
303,4
303,5
304,1
304,2
304,4
304,5
305,0
305,2
305,3
305,5
305,6
307,1
307,3
307,4
308,0
308,1
308,3
308,4
310,1
310,3
310,4
311,0
311,1
311,3
313,0
313,1
313,3
313,4
319,0
319,2
319,3
319,5
319,6
319,8
319,9
320,1
320,3
320,4
9,3
0,243
8,3
6,3
0,322
0,0
320,2
320,0
319,7
319,4
319,1
313,5
313,2
311,4
311,2
310,5
310,2
310,0
308,2
307,5
307,2
307,0
305,4
305,1
304,6
304,3
304,0
303,3
303,1
301,8
301,5
301,3
301,0
296,4
296,1
295,5
295,2
293,5
293,3
293,0
291,4
291,1
289,11
289,8
289,5
289,3
289,0
284,2
284,0
283,4
283,1
281,5
281,3
281,0
278,3
278,1
276,3
276,0
275,5
275,3
275,0
273,2
273,0
272,3
272,0
270,3
270,1
268,4
268,1
266,4
266,1
265,3
265,1
264,4
264,1
262,3
262,1
261,3
261,0
260,4
260,1
259,4
259,1
258,5
258,2
256,4
256,2
255,5
255,2
253,5
253,3
253,0
251,5
251,3
251,0
250,3
250,0
248,4
248,1
247,5
247,3
247,0
245,3
245,1
243,2
240,3
240,0
239,2
238,3
238,0
232,5
232,2
231,4
231,1
230,5
230,2
229,8
229,6
229,3
229,0
228,2
228,0
227,3
227,0
226,3
226,0
225,3
225,1
224,4
224,1
222,4
222,2
221,4
221,1
220,4
220,1
219,3
219,0
218,3
218,0
217,2
217,0
216,3
216,0
215,4
215,2
214,6
214,3
214,1
213,5
213,2
213,0
212,2
210,5
210,2
210,0
209,3
209,0
208,4
208,1
207,3
207,0
206,3
206,0
205,4
205,2
204,5
204,2
203,4
203,2
202,4
202,1
201,5
201,2
200,3
200,0
199,4
199,1
198,4
198,2
197,4
197,1
196,4
196,1
195,3
195,0
194,3
194,0
193,2
193,0
192,2
191,7
191,4
191,2
190,5
190,2
190,0
189,3
189,0
188,5
188,3
188,0
187,4
187,2
185,4
185,1
184,5
184,2
183,5
183,2
183,0
182,3
182,0
180,3
180,0
179,2
178,5
178,3
178,0
177,2
177,0
176,3
176,0
175,3
175,1
174,4
174,1
173,5
173,2
172,8
172,5
172,3
172,0
171,6
171,4
171,1
170,6
170,4
170,1
169,3
169,0
168,4
168,1
167,3
167,1
166,5
166,2
165,5
165,3
165,0
164,4
164,2
163,6
163,3
163,0
162,4
162,1
161,3
161,1
160,3
160,0
159,3
159,0
158,4
158,1
157,4
157,1
156,3
156,1
155,3
155,0
153,4
153,2
152,4
152,1
151,4
151,1
150,3
150,0
149,3
149,0
148,2
148,0
147,2
146,5
146,2
146,0
145,2
144,6
144,4
144,1
143,5
143,3
143,0
142,3
142,0
141,5
141,2
140,6
140,4
140,1
139,3
139,0
138,4
138,1
136,5
136,3
136,0
135,2
134,6
134,4
134,1
133,4
133,2
132,4
132,1
131,6
131,3
131,0
130,1
128,3
128,0
127,1
126,3
126,0
125,1
124,2
124,0
123,2
122,4
122,2
121,4
121,1
120,3
120,1
119,6
119,3
119,1
118,2
117,6
117,4
117,1
116,3
116,0
115,5
115,2
114,6
114,4
114,1
113,3
113,0
112,6
112,3
112,0
111,4
111,1
110,5
110,2
110,0
109,4
109,1
108,5
108,2
107,7
107,4
107,2
106,6
106,3
106,1
105,2
104,8
104,6
104,3
104,0
103,4
103,2
102,7
102,4
102,2
101,3
101,0
100,1
99,6
99,3
99,0
98,2
97,3
97,0
96,1
95,4
95,1
92,2
92,0
91,1
90,2
90,0
89,1
87,2
86,3
86,1
85,3
85,0
84,8
84,5
84,2
83,9
83,7
83,4
83,1
77,3
77,0
74,1
71,2
71,0
68,1
66,2
66,0
65,1
64,2
61,3
61,1
60,2
59,5
59,3
59,0
58,1
57,5
57,2
56,3
56,0
55,8
55,5
55,2
55,0
54,1
52,3
52,0
51,3
51,0
50,1
49,3
49,0
48,1
47,4
2,3
1,3
46,4
46,2
45,3
45,0
44,2
43,3
43,0
42,1
41,3
41,0
40,4
40,2
39,3
39,0
36,5
36,3
36,0
34,2
34,0
33,1
32,3
32,0
31,3
31,0
30,1
29,4
29,1
26,2
0,412
0,273
0,506
0,272
0,427
0,271
0,473
0,270
0,269
0,268
0,267
0,471
0,266
0,265
0,469
0,264
0,263
0,465
0,262
0,312
0,261
0,319
0,260
0,318
0,259
0,464
0,258
0,317
0,257
0,429
0,256
0,255
0,466
0,254
0,253
0,490
0,252
0,251
0,502
0,250
0,415
0,249
0,248
0,437
0,247
0,320
0,246
0,245
0,244
0,500
0,242
0,504
0,241
0,496
0,240
0,239
0,343
0,238
0,237
0,488
0,236
0,511
0,235
0,510
0,234
0,233
0,424
0,232
0,476
0,231
0,470
0,230
0,491
0,229
0,475
0,228
0,227
0,324
0,226
0,495
0,225
0,419
0,224
0,489
0,223
0,411
0,222
0,487
0,221
0,414
0,220
0,460
0,219
0,218
0,479
0,217
0,431
0,216
0,215
0,214
0,213
0,212
0,494
0,211
0,334
0,210
0,401
0,209
0,208
0,483
0,207
0,384
0,206
0,430
0,205
0,204
0,421
0,203
0,202
0,201
0,439
0,200
0,416
0,199
0,463
0,198
0,368
0,197
0,196
0,459
0,195
0,311
0,194
0,193
0,192
0,63
0,503
0,62
0,509
0,61
0,477
0,60
0,406
0,59
0,382
0,58
0,309
0,57
0,56
0,498
0,55
0,314
0,54
0,474
0,53
0,493
0,52
0,328
0,51
0,50
0,321
0,49
0,358
0,48
0,47
0,323
0,46
0,313
0,45
0,468
0,6
0,5
0,442
0,11
0,4
0,2
0,3
0,7
